1000
20 836 685 981 541 382 191 232 85 345 318 649 563 109 423 950 344 915 319 100 480 813 934 342 381 866 359 810 772 9 29 871 508 629 491 494 284 783 255 967 54 918 525 672 837 767 383 939 142 176 686 569 84 108 640 2 553 885 740 808 775 808 68 754 686 930 712 993 721 482 252 302 71 521 464 165 503 726 774 161 643 238 181 28 657 125 515 145 754 747 829 82 291 839 673 879 67 672 536 803 91 679 430 101 833 749 455 43 847 740 739 57 469 630 612 235 45 98 822 31 960 331 120 280 680 305 254 703 176 749 756 186 20 256 264 220 879 523 74 964 133 500 821 74 664 710 233 967 979 645 683 192 975 729 450 17 986 967 145 593 597 156 624 267 401 726 561 652 997 835 147 72 319 389 906 185 313 202 747 836 724 692 991 823 770 672 301 336 622 315 573 831 682 607 502 128 111 498 297 487 901 367 681 373 561 937 24 915 273 728 728 201 591 91 403 769 800 982 639 978 175 943 80 703 170 652 266 618 602 68 817 916 1000 48 795 811 344 533 51 914 292 128 873 103 65 417 376 999 421 835 497 476 912 76 28 343 735 973 337 780 375 78 479 742 243 327 950 641 299 364 366 200 63 278 447 624 513 58 10 295 852 658 405 898 80 641 124 209 261 254 330 823 548 318 765 111 493 87 821 554 626 285 941 110 846 811 737 207 505 130 274 760 290 162 508 465 514 938 298 123 405 736 743 839 156 153 136 933 809 403 533 420 663 222 658 983 829 718 228 576 886 741 921 663 668 309 610 786 171 984 46 583 701 327 926 707 963 519 515 939 39 107 52 572 666 204 735 948 458 327 863 283 228 529 291 541 991 58 463 530 417 764 724 724 443 967 701 5 131 801 354 230 965 47 601 195 472 352 185 929 675 629 992 369 368 697 681 793 769 285 800 9 982 668 793 427 799 770 121 23 166 21 7 334 547 458 503 482 5 916 507 710 844 689 925 192 682 240 444 819 401 636 855 264 932 515 781 536 987 376 102 84 893 30 379 738 464 905 358 344 938 214 513 125 686 566 913 751 906 307 652 51 993 350 290 339 867 480 332 111 427 243 771 602 316 497 511 95 794 142 828 402 653 338 621 704 191 734 274 994 431 763 978 359 934 29 603 28 389 23 654 374 212 67 264 721 673 573 371 383 117 694 862 128 603 431 351 622 961 483 624 24 684 677 834 654 585 362 146 633 211 764 151 611 828 431 539 660 504 172 93 165 866 373 718 443 85 885 484 759 392 134 356 474 557 552 990 500 833 121 248 463 711 57 441 636 479 934 369 197 347 76 816 497 389 716 793 961 234 845 650 552 757 444 653 9 873 522 203 948 231 109 137 994 999 622 197 681 838 475 584 469 310 164 970 390 495 713 888 697 513 985 400 129 456 195 195 282 107 271 934 823 820 389 417 659 46 797 250 900 797 417 81 940 377 757 666 397 439 694 753 132 515 575 19 253 31 481 281 612 613 760 658 273 197 355 621 894 434 381 222 536 225 287 489 423 570 886 100 247 710 988 534 552 23 473 892 58 963 699 277 350 991 850 851 724 961 461 219 940 225 742 9 995 343 948 207 746 200 127 568 524 626 467 969 554 185 559 923 359 814 39 272 347 323 195 472 478 627 460 639 117 189 641 123 184 543 395 826 539 437 790 692 823 779 129 448 961 463 810 832 261 882 343 860 21 369 729 119 896 822 292 768 870 338 109 616 422 148 401 913 238 824 114 46 507 210 285 780 728 92 707 424 751 812 508 441 790 576 799 489 163 757 975 877 589 1000 388 896 551 799 147 531 20 94 269 93 365 809 749 492 408 930 762 423 583 181 16 443 232 225 340 95 760 87 733 48 672 86 296 889 525 557 713 500 52 964 111 649 641 443 933 537 910 203 762 941 690 819 487 358 125 214 91 357 266 463 467 59 713 273 621 240 674 250 965 129 909 729 211 446 921 389 599 367 204 542 938 504 806 718 514 273 659 863 493 552 296 303 177 319 400 445 432 44 248 120 283 844 298 269 868 43 673 970 601 889 685 629 53 524 420 669 231 54 237 745 815 241 88 102 176 247 874 405 269 647 162 943 444 863 37 673 405 359 209 107 611 726 920 61 239 380 174 677 782 759 129 539 571 363 264 449 644 272 229 163 941 889 56 632 539 434 97 201 907 606 359 661 366 524 588 826 98 324 156 210 634 53 523 889 958 428 809 724 393 173 808 724 145 841 644 951 662 397 912 817 498 986 719
1 0 0 0 0 0 0 0 0 0 1 0 1 0 1 1 1 1 1 0 1 1 1 1 0 1 1 0 1 1 0 0 0 1 0 1 0 1 1 0 0 0 1 1 0 1 0 0 1 1 1 0 1 1 1 0 1 1 0 1 0 1 0 0 1 0 0 0 0 1 1 0 1 0 0 1 0 1 1 1 0 1 0 1 1 0 0 0 0 1 0 0 1 0 0 0 1 1 0 1 0 1 0 1 0 1 0 0 1 1 0 1 0 1 0 0 1 0 1 0 1 1 1 0 0 0 0 1 1 1 0 0 1 1 0 0 0 1 0 0 1 1 1 1 0 1 0 0 1 1 0 1 1 0 1 0 0 1 0 0 1 1 0 0 1 1 1 0 1 1 1 1 1 1 0 0 1 0 0 0 0 0 1 0 1 1 0 0 0 1 0 1 0 1 0 1 1 1 1 1 1 0 0 1 1 1 1 0 0 1 1 0 0 0 1 0 1 1 1 1 0 1 0 0 1 0 1 1 1 1 0 1 0 1 0 0 1 1 0 1 0 0 1 1 1 0 0 0 0 1 1 0 1 1 0 1 0 0 1 1 0 1 0 0 1 0 1 1 1 1 0 1 0 0 1 1 0 1 1 1 0 1 0 1 1 1 0 0 1 1 0 0 0 1 0 1 1 0 1 1 1 1 0 1 1 1 0 1 0 0 0 0 1 0 1 0 1 1 1 0 0 0 0 1 0 0 0 0 1 1 1 1 1 0 1 0 0 1 0 0 1 1 1 0 1 0 1 0 1 0 0 1 1 1 1 0 0 1 0 0 0 1 0 0 1 1 1 1 1 0 1 1 1 1 0 1 0 1 1 0 1 1 1 0 1 1 0 0 1 0 0 1 1 0 1 0 0 1 0 1 0 0 0 1 0 0 1 0 1 1 1 0 0 0 0 1 0 1 1 1 1 1 1 0 0 0 0 1 0 1 1 1 0 0 0 1 1 1 0 1 1 0 1 1 1 0 1 0 1 0 1 0 1 0 0 0 1 0 1 1 1 0 0 0 0 0 0 1 0 0 0 0 1 1 0 0 1 0 1 1 1 0 0 0 1 0 0 1 0 1 0 1 0 1 0 0 1 1 0 1 1 1 1 0 0 1 0 0 1 1 1 0 1 1 1 1 1 0 0 1 1 0 1 0 1 1 0 1 1 1 0 0 0 0 1 0 0 0 0 1 1 1 0 1 1 0 0 1 0 0 1 0 1 1 0 0 1 1 0 0 1 1 1 1 0 1 0 0 0 0 0 1 0 0 0 1 1 0 1 0 1 0 1 1 1 1 1 1 1 1 0 0 1 0 1 0 1 1 1 1 1 1 1 1 0 0 0 1 1 0 0 1 0 1 1 0 0 1 0 0 0 0 1 0 0 0 1 1 0 1 0 1 0 1 1 0 0 0 1 1 1 1 1 1 1 1 0 0 0 1 0 1 0 0 0 1 1 1 1 1 0 1 0 0 1 1 1 1 1 1 1 1 1 0 1 1 1 1 1 0 0 1 0 1 1 1 1 1 0 1 1 0 0 1 1 1 0 0 0 1 0 0 1 0 1 0 1 0 1 1 1 1 1 0 1 0 1 1 1 1 1 1 1 0 1 1 0 1 1 0 1 0 1 0 1 0 0 1 0 0 1 0 1 0 0 0 1 1 1 1 0 1 1 1 1 0 0 1 1 0 1 1 1 1 0 0 1 0 1 1 1 0 1 1 1 1 1 0 0 1 0 1 0 1 1 0 1 1 0 0 0 1 1 0 1 0 1 1 1 0 0 0 0 1 1 0 0 1 0 1 0 0 0 1 0 1 1 1 0 0 0 1 0 0 1 0 1 1 0 1 1 0 1 0 0 0 0 0 0 0 0 1 0 0 0 1 0 0 1 0 1 1 0 1 1 1 1 0 0 1 1 1 1 0 0 1 1 0 0 0 0 0 1 0 1 1 1 1 0 0 0 0 1 1 0 1 0 0 0 1 0 0 0 1 1 1 0 1 1 1 1 1 1 0 0 1 1 0 1 1 1 0 0 1 0 0 1 0 0 0 0 1 1 0 1 1 1 1 1 1 0 1 1 1 0 1 0 1 0 1 1 0 0 1 0 1 0 1 0 1 1 0 1 1 1 0 1 1 0 1 1 1 1 0 0 1 0 1 0 0 0 1 1 0 0 0 1 1 0 0 1 0 0 1 0 1 0 0 1 1 1 0 0 0 1 0 1 0 1 0
1 513
1 642
1 812
1 677
1 151
1 169
1 845
1 588
1 525
1 367
1 625
1 498
1 708
1 181
1 438
1 471
1 188
1 61
1 428
1 159
1 224
2 643
2 732
2 262
2 744
2 16
2 330
2 269
2 238
2 112
2 561
2 658
2 436
2 288
2 496
2 793
2 560
2 765
2 892
2 637
2 191
2 486
3 513
3 483
3 459
3 803
3 558
3 402
3 19
3 116
3 661
3 599
3 569
3 206
4 896
4 647
4 913
4 454
4 546
4 934
4 553
4 430
4 48
4 567
4 578
4 196
4 582
4 588
4 84
4 600
4 730
4 863
4 998
4 105
4 876
4 372
4 629
4 636
4 254
4 384
5 417
5 545
5 452
5 229
5 454
5 748
5 518
5 46
5 175
5 529
5 742
5 602
5 294
5 956
5 900
5 543
5 800
6 227
6 646
6 263
6 520
6 971
6 684
6 749
6 142
6 627
6 820
6 599
6 733
6 446
6 31
6 651
7 514
7 803
7 132
7 37
7 939
7 173
7 431
7 306
7 851
7 728
7 313
7 59
7 959
8 770
8 868
8 615
8 850
8 937
8 362
8 240
8 398
8 751
8 880
8 113
8 337
8 905
8 561
8 471
8 824
8 186
8 891
8 60
8 976
9 225
9 69
9 72
9 397
9 171
9 168
9 845
9 978
9 150
9 408
9 156
9 608
10 577
10 225
10 87
10 329
10 42
10 524
10 14
10 111
10 50
10 533
10 303
10 439
10 923
10 639
11 481
11 780
11 679
11 137
11 490
11 811
11 300
11 493
11 958
11 179
11 372
11 413
11 574
12 769
12 675
12 900
12 936
12 393
12 522
12 492
12 910
12 528
12 776
12 370
12 467
12 948
12 118
12 889
12 761
12 442
12 252
12 287
13 578
13 707
13 200
13 491
13 45
13 782
13 239
13 725
13 697
13 154
13 187
13 766
13 575
14 833
14 162
14 325
14 875
14 716
14 947
14 80
14 274
14 403
14 791
14 618
14 217
14 755
14 315
14 531
14 222
14 638
15 386
15 902
15 904
15 109
15 654
15 917
15 534
15 414
15 287
15 547
15 548
15 421
15 550
15 178
15 74
15 702
15 961
15 706
15 585
15 586
15 210
15 220
15 611
15 621
15 497
16 865
16 244
16 73
16 266
16 184
16 846
16 500
16 884
16 854
16 183
16 920
16 475
16 925
16 918
17 545
17 940
17 847
17 785
17 338
17 788
17 277
17 757
17 120
17 85
17 216
17 704
18 514
18 295
18 66
18 841
18 106
18 139
18 652
18 815
18 83
18 532
18 631
19 385
19 164
19 645
19 233
19 51
19 750
19 819
19 212
19 888
19 954
19 348
19 988
19 895
20 770
20 931
20 613
20 268
20 835
20 79
20 469
20 247
20 568
20 153
20 837
20 603
20 668
20 128
20 768
21 417
21 194
21 963
21 356
21 331
21 536
21 655
21 932
21 376
21 249
21 634
21 380
22 226
22 581
22 562
22 299
22 652
22 399
22 81
22 369
22 47
22 767
23 388
23 519
23 297
23 554
23 43
23 108
23 179
23 983
23 28
24 321
24 705
24 460
24 40
24 523
24 172
24 782
24 721
24 986
24 341
24 826
24 473
24 218
24 763
24 320
24 510
24 447
24 801
25 449
25 579
25 644
25 293
25 71
25 967
25 358
25 745
25 426
25 488
25 268
25 464
25 434
25 953
25 245
25 342
25 756
25 665
25 284
25 928
26 393
26 729
26 848
26 593
26 873
26 660
26 821
26 215
26 921
26 544
26 640
27 161
27 163
27 764
27 549
27 166
27 39
27 104
27 893
27 76
27 99
27 432
27 103
27 597
27 121
27 762
27 283
27 92
27 508
27 62
27 518
28 260
28 134
28 907
28 783
28 33
28 423
28 945
28 52
28 267
28 395
28 198
28 587
28 339
28 86
28 88
28 478
28 482
28 101
28 242
28 505
28 383
29 97
29 719
29 419
29 484
29 389
29 180
29 557
29 907
29 909
29 879
29 255
29 564
29 949
29 692
29 698
29 709
29 461
29 495
29 470
30 482
30 583
30 962
30 234
30 653
30 494
30 916
30 53
30 538
30 221
30 990
30 991
31 849
31 771
31 804
31 680
31 777
31 123
31 140
31 878
31 542
31 433
31 465
31 822
31 236
31 502
31 411
31 624
31 155
31 422
32 962
32 516
32 232
32 669
32 56
32 987
32 316
32 829
32 832
33 35
33 199
33 584
33 617
33 477
33 205
33 942
33 731
33 126
33 753
33 695
33 410
33 827
33 253
33 734
34 449
34 65
34 357
34 285
34 555
34 856
34 110
34 944
34 690
34 979
34 693
34 55
34 696
34 125
34 779
35 515
35 580
35 775
35 503
35 377
35 570
35 448
36 321
36 836
36 965
36 778
36 204
36 852
36 950
36 416
36 864
37 1000
37 809
37 840
37 279
37 858
38 897
38 386
38 930
38 746
38 718
38 527
38 720
38 828
39 305
39 107
39 911
39 817
39 351
39 886
39 250
39 286
39 703
39 598
40 235
40 556
40 336
40 251
40 862
40 223
41 674
41 227
41 614
41 871
41 237
41 941
41 657
41 148
41 635
41 382
41 352
42 772
42 485
42 999
42 170
42 601
43 713
43 174
43 271
43 304
43 207
43 760
43 859
43 912
43 94
44 993
44 450
44 228
44 649
44 841
44 437
44 122
44 666
44 926
45 264
45 656
45 49
45 213
45 378
45 219
45 347
45 699
46 355
46 517
46 966
46 810
46 270
46 977
46 278
46 890
46 506
46 861
47 612
47 427
47 365
47 686
47 604
47 476
47 246
48 261
48 711
48 489
48 144
48 182
48 992
49 673
49 681
49 566
49 759
49 280
49 960
50 451
50 935
50 715
50 366
50 795
51 839
51 167
51 374
51 298
51 275
51 659
51 463
51 335
51 415
51 230
52 628
52 887
52 623
53 610
53 740
53 391
53 361
53 792
53 91
53 346
53 282
53 667
54 673
54 323
54 328
54 970
54 726
54 349
55 133
55 968
55 682
55 396
55 209
55 872
55 394
55 507
55 379
55 248
56 969
56 354
56 401
56 885
57 291
57 292
57 135
57 456
57 525
57 241
57 754
57 340
57 309
57 190
58 261
58 326
58 938
58 784
58 243
58 501
58 310
58 441
58 373
58 272
58 95
58 662
59 208
59 404
59 789
59 96
59 512
60 882
60 332
60 648
60 453
61 899
61 972
61 474
61 540
61 735
62 853
62 630
63 994
63 516
63 296
63 77
63 466
63 924
64 784
64 455
64 877
64 816
64 124
64 670
65 308
65 160
65 914
66 689
66 301
66 158
66 98
67 673
67 894
67 607
67 504
68 98
68 805
68 807
68 616
68 177
68 311
69 881
69 78
69 273
69 758
70 641
70 898
70 774
70 204
70 405
70 440
71 203
71 400
71 371
71 724
71 256
72 609
72 964
72 808
72 712
72 752
72 457
72 984
72 368
73 289
73 842
74 129
74 322
74 324
74 605
74 619
74 90
74 573
74 319
74 672
75 962
75 302
75 787
75 694
75 830
75 127
76 825
76 844
76 572
76 551
77 691
77 559
78 290
79 130
79 903
79 717
79 82
79 149
79 727
79 632
79 860
80 786
80 996
80 980
81 738
81 276
81 982
82 866
82 700
82 943
82 798
83 973
83 685
83 855
83 412
83 350
84 429
84 589
84 231
85 838
85 981
85 664
85 185
85 671
86 790
86 951
87 633
87 722
88 364
88 997
88 392
89 545
89 714
89 420
89 146
90 458
90 334
90 823
90 834
91 387
91 799
91 499
91 743
92 929
92 327
92 906
92 919
92 922
93 514
93 989
93 590
93 344
94 281
94 141
94 606
95 867
95 375
95 687
96 138
96 307
96 995
97 117
97 479
98 193
98 901
98 102
98 318
99 314
99 195
100 353
100 514
101 424
102 796
102 908
102 818
103 192
103 563
103 143
103 214
104 189
104 157
106 211
106 535
106 152
107 333
107 869
107 552
108 119
108 444
108 526
108 312
109 927
110 957
110 443
110 701
110 773
111 915
111 591
111 114
113 265
113 197
114 530
114 595
114 933
114 406
115 417
116 710
116 678
117 409
117 781
118 418
119 802
120 145
120 165
121 975
123 676
124 257
124 202
124 747
124 741
125 622
126 468
128 883
128 381
128 462
131 801
131 258
132 345
133 626
133 683
135 136
136 813
137 571
137 663
138 541
139 736
142 259
143 425
143 985
143 843
143 576
147 579
147 974
148 359
149 472
150 565
156 537
156 737
156 874
157 955
158 870
161 831
162 594
162 723
163 487
167 794
173 360
175 650
175 806
176 737
176 739
176 797
177 343
178 390
179 317
190 592
191 688
196 201
196 363
205 596
205 511
205 952
208 857
213 946
214 480
231 435
235 620
236 407
244 521
249 539
256 814
261 509
330 445
